1 	269 	0	0	2	0	0
1 	18 	0	0	3	0	0
1 	2 	0	0	4	0	0
2 	286 	0	0	2	0	0
2 	1 	0	0	4	0	0
2 	17 	0	0	3	0	0
2 	3 	0	0	4	0	0
3 	2 	0	0	4	0	0
3 	4 	0	0	4	0	0
3 	379 	0	0	3	0	0
4 	3 	0	0	4	0	0
4 	5 	0	0	4	0	0
4 	374 	0	0	3	0	0
5 	4 	0	0	4	0	0
5 	6 	0	0	4	0	0
5 	382 	0	0	3	0	0
6 	388 	0	0	4	0	0
6 	403 	0	0	4	0	0
6 	5 	0	0	4	0	0
7 	403 	0	0	4	0	0
7 	398 	0	0	0.5	0	0
7 	8 	0	0	4	0	0
7 	550 	0	0	1	0	0
8 	7 	0	0	3	0	0
8 	9 	0	0	3	0	0
8 	400 	0	0	3	0	0
9 	71 	0	0	4	0	0
9 	8 	0	0	4	0	0
9 	396 	0	0	2	0	1
10 	13 	0	0	2	0	0
10 	12 	0	0	0.5	0	0
10 	11 	0	0	0.5	0	0
10 	396 	0	0	2	0	1
11 	10 	0	0	0.5	0	0
12 	10 	0	0	0.5	0	0
13 	70 	1	0	4	0	0
13 	10 	0	0	2	0	1
13 	393 	0	0	2	0	0
13 	388 	1	0	4	0	0
14 	392 	0	0	3	0	0
14 	382 	0	0	4	0	0
14 	493 	0	0	4	0	0
14 	15 	0	1	3	0	0
15 	14 	0	1	3	0	0
15 	372 	0	0	3	0	0
15 	381 	0	0	3	0	0
15 	374 	0	0	3	0	0
16 	348 	0	0	3	0	0
16 	379 	0	0	3	0	0
16 	380 	0	0	3	0	0
16 	343 	0	0	3	0	0
17 	24 	0	0	2	0	0
17 	2 	0	0	2	0	0
17 	323 	0	0	2	0	0
17 	308 	0	0	2	0	0
18 	1 	0	0	2	0	0
18 	303 	0	0	1	0	0
18 	322 	0	0	2	0	0
19 	322 	0	0	3	0	0
19 	492 	0	0	3	0	0
19 	266 	0	0	3	0	0
20 	21 	0	0	3	0	0
20 	128 	0	0	2	0	1
20 	104 	0	0	3	0	0
20 	492 	0	0	3	0	0
21 	26 	0	0	0.5	0	0
21 	22 	0	0	0.5	0	0
21 	20 	0	0	3	0	0
21 	24 	0	1	2	0	0
22 	21 	0	0	0.5	0	0
22 	23 	0	0	0.5	0	0
23 	24 	0	0	0.5	0	0
23 	22 	0	0	0.5	0	0
24 	21 	0	1	2	0	0
24 	25 	0	0	0.5	0	0
24 	23 	0	0	0.5	0	0
24 	17 	0	0	2	0	0
25 	24 	0	0	0.5	0	0
25 	26 	0	0	0.5	0	0
26 	21 	0	0	0.5	0	0
26 	25 	0	0	0.5	0	0
27 	28 	0	1	2	0	0
27 	128 	0	0	2	0	1
27 	477 	0	2	2	0	0
28 	27 	0	1	2	0	0
28 	29 	0	0	2	0	0
28 	45 	0	0	2	0	0
28 	53 	0	0	2	0	0
29 	30 	0	0	1	0	0
29 	28 	0	0	2	0	0
29 	44 	0	0	1	0	0
30 	29 	0	0	1	0	0
30 	31 	0	0	0.5	0	0
30 	32 	0	0	1	0	0
31 	30 	0	0	0.5	0	0
32 	30 	0	0	1	0	0
32 	33 	0	0	1	0	0
32 	34 	0	0	1	0	0
33 	32 	0	0	1	0	0
33 	35 	0	0	1	0	0
34 	32 	0	0	1	0	0
34 	35 	0	0	1	0	0
35 	33 	0	0	1	0	0
35 	34 	0	0	1	0	0
35 	36 	0	0	1	0	0
35 	37 	0	0	1	0	0
36 	35 	0	0	1	0	0
36 	43 	0	0	1	0	0
36 	38 	0	0	1	0	0
37 	35 	0	0	1	0	0
37 	39 	0	0	1	0	0
37 	38 	0	0	1	0	0
38 	36 	0	0	1	0	0
38 	37 	0	0	1	0	0
38 	40 	0	0	1	0	0
39 	37 	0	0	1	0	0
39 	40 	0	0	1	0	0
40 	38 	0	0	1	0	0
40 	39 	0	0	1	0	0
40 	41 	0	0	1	0	0
41 	40 	0	0	1	0	0
41 	44 	0	0	1	0	0
41 	42 	0	0	1	0	0
42 	41 	0	0	1	0	0
42 	43 	0	0	1	0	0
43 	36 	0	0	1	0	0
43 	42 	0	0	1	0	0
44 	29 	0	0	1	0	0
44 	41 	0	0	1	0	0
44 	45 	0	0	1	0	0
45 	44 	0	0	1	0	0
45 	28 	0	0	2	0	0
45 	266 	0	0	2	0	0
45 	46 	0	0	1	0	0
46 	47 	0	0	1	0	0
46 	45 	0	0	1	0	0
47 	48 	0	0	1	0	0
47 	46 	0	0	1	0	0
47 	59 	0	0	0.5	0	0
48 	49 	0	0	1	0	0
48 	47 	0	0	1	0	0
48 	58 	0	0	0.5	0	0
49 	50 	0	0	1	0	0
49 	48 	0	0	1	0	0
49 	57 	0	0	0.5	0	0
50 	51 	0	0	1	0	0
50 	56 	0	0	0.5	0	0
50 	49 	0	0	1	0	0
51 	52 	0	0	1	0	0
51 	50 	0	0	1	0	0
51 	55 	0	0	0.5	0	0
52 	53 	0	0	1	0	0
52 	51 	0	0	1	0	0
52 	54 	0	0	0.5	0	0
53 	60 	0	0	1	0	0
53 	65 	0	0	1	0	0
53 	28 	0	0	2	0	0
53 	52 	0	0	1	0	0
54 	52 	0	0	0.5	0	0
54 	55 	0	0	0.5	0	0
55 	54 	0	0	0.5	0	0
55 	56 	0	0	0.5	0	0
55 	51 	0	0	0.5	0	0
56 	55 	0	0	0.5	0	0
56 	57 	0	0	0.5	0	0
56 	50 	0	0	0.5	0	0
57 	56 	0	0	0.5	0	0
57 	58 	0	0	0.5	0	0
57 	49 	0	0	0.5	0	0
58 	57 	0	0	0.5	0	0
58 	59 	0	0	0.5	0	0
58 	48 	0	0	0.5	0	0
59 	58 	0	0	0.5	0	0
59 	47 	0	0	0.5	0	0
60 	53 	0	0	1	0	0
60 	64 	0	0	1	0	0
60 	61 	0	0	1	0	0
61 	62 	0	0	1	0	0
61 	66 	0	0	1	0	0
61 	60 	0	0	1	0	0
62 	61 	0	0	1	0	0
62 	63 	0	0	1	0	0
62 	64 	0	0	1	0	0
63 	62 	0	0	1	0	0
64 	65 	0	0	1	0	0
64 	62 	0	0	1	0	0
64 	60 	0	0	1	0	0
65 	53 	0	0	1	0	0
65 	64 	0	0	1	0	0
66 	61 	0	0	1	0	0
67 	201 	0	0	4	0	1
67 	475 	1	1	4	0	0
67 	348 	0	0	4	0	0
67 	105 	1	0	4	0	0
68 	268 	0	1	3	0	0
68 	460 	0	0	0.5	0	0
68 	458 	0	0	2	0	0
68 	475 	0	0	4	0	0
69 	75 	0	1	2	0	0
69 	493 	0	0	4	0	0
69 	268 	1	0	3	0	0
69 	70 	1	1	3	0	0
70 	69 	0	1	3	0	0
70 	539 	0	0	4	0	0
70 	72 	0	0	4	0	0
70 	13 	0	0	4	0	0
71 	9 	0	0	3	0	0
71 	72 	0	1	4	0	0
72 	540 	0	0	3	0	0
72 	70 	0	0	3	0	0
72 	71 	0	1	3	0	0
73 	74 	0	0	4	0	0
73 	78 	0	0	4	0	0
73 	142 	0	0	2	0	0
74 	533 	0	0	1	0	0
74 	212 	0	0	4	0	0
74 	136 	0	0	2	0	0
74 	73 	0	0	4	0	0
75 	103 	1	0	1	0	0
75 	76 	0	2	2	0	0
75 	69 	0	1	2	0	0
75 	406 	1	0	1	0	0
76 	155 	0	2	1	0	0
76 	134 	0	1	3	0	0
76 	75 	0	0	2	0	0
76 	174 	0	0	1	0	0
77 	80 	0	0	0.5	0	0
77 	78 	0	0	1	0	0
77 	81 	0	1	1	0	1
78 	77 	0	0	1	0	0
78 	73 	0	0	4	0	0
78 	539 	0	0	4	0	0
79 	169 	0	0	0.5	0	0
79 	80 	0	0	0.5	0	0
79 	85 	0	0	0.5	0	0
80 	79 	0	0	0.5	0	0
80 	77 	0	0	0.5	0	0
80 	84 	0	0	0.5	0	0
81 	77 	0	0	1	0	0
81 	82 	0	0	0.5	0	0
81 	83 	0	0	0.5	0	0
81 	91 	0	0	1	0	1
82 	81 	0	0	0.5	0	0
83 	81 	0	0	0.5	0	0
83 	84 	0	0	0.5	0	0
83 	86 	0	0	0.5	0	0
83 	88 	0	0	0.5	0	0
84 	80 	0	0	0.5	0	0
84 	83 	0	0	0.5	0	0
84 	85 	0	0	0.5	0	0
85 	79 	0	0	0.5	0	0
85 	84 	0	0	0.5	0	0
85 	86 	0	0	0.5	0	0
86 	85 	0	0	0.5	0	0
86 	83 	0	0	0.5	0	0
86 	87 	0	0	0.5	0	0
87 	86 	0	0	0.5	0	0
87 	88 	0	0	0.5	0	0
87 	90 	0	0	0.5	0	0
88 	83 	0	0	0.5	0	0
88 	87 	0	0	0.5	0	0
88 	89 	0	0	0.5	0	0
89 	88 	0	0	0.5	0	0
89 	90 	0	0	0.5	0	0
89 	91 	0	0	0.5	0	0
89 	97 	0	0	0.5	0	0
90 	87 	0	0	0.5	0	0
90 	89 	0	0	0.5	0	0
90 	98 	0	0	0.5	0	0
90 	164 	0	0	0.5	0	0
91 	81 	0	0	1	0	1
91 	89 	0	0	0.5	0	0
91 	92 	0	0	1	0	0
92 	93 	0	0	0.5	0	0
92 	94 	0	0	0.5	0	0
92 	91 	0	0	1	0	1
92 	103 	0	0	1	0	0
93 	92 	0	0	0.5	0	0
94 	92 	0	0	0.5	0	0
94 	95 	0	0	0.5	0	0
94 	101 	0	0	0.5	0	0
95 	94 	0	0	0.5	0	0
95 	96 	0	0	0.5	0	0
95 	100 	0	0	0.5	0	0
96 	95 	0	0	0.5	0	0
96 	97 	0	0	0.5	0	0
96 	99 	0	0	0.5	0	0
97 	89 	0	0	0.5	0	0
97 	98 	0	0	0.5	0	0
97 	96 	0	0	0.5	0	0
98 	90 	0	0	0.5	0	0
98 	162 	0	0	0.5	0	0
98 	97 	0	0	0.5	0	0
98 	99 	0	0	0.5	0	0
99 	98 	0	0	0.5	0	0
99 	96 	0	0	0.5	0	0
99 	100 	0	0	0.5	0	0
100 	99 	0	0	0.5	0	0
100 	95 	0	0	0.5	0	0
100 	101 	0	0	0.5	0	0
101 	100 	0	0	0.5	0	0
101 	94 	0	0	0.5	0	0
101 	102 	0	0	0.5	0	0
102 	101 	0	0	0.5	0	0
102 	157 	0	0	0.5	0	0
102 	103 	0	0	0.5	0	0
103 	102 	0	0	0.5	0	0
103 	92 	0	0	1	0	1
103 	75 	0	0	2	0	0
104 	105 	0	0	3	0	0
104 	20 	0	0	3	0	0
104 	110 	0	0	0.5	0	0
105 	119 	0	0	0.5	0	0
105 	67 	0	0	3	0	0
105 	104 	0	0	3	0	0
106 	115 	0	0	0.5	0	0
106 	117 	0	0	0.5	0	0
106 	119 	0	0	0.5	0	0
107 	113 	0	0	0.5	0	0
107 	112 	0	0	0.5	0	0
107 	117 	0	0	0.5	0	0
107 	543 	0	0	0.5	0	0
108 	543 	0	0	0.5	0	0
108 	109 	0	0	0.5	0	0
108 	124 	0	0	0.5	0	0
109 	128 	0	0	0.5	0	0
109 	108 	0	0	0.5	0	0
109 	129 	0	0	0.5	0	0
110 	104 	0	0	0.5	0	0
110 	111 	0	0	0.5	0	0
110 	129 	0	0	0.5	0	0
111 	110 	0	0	0.5	0	0
112 	107 	0	0	0.5	0	0
113 	107 	0	0	0.5	0	0
114 	543 	0	0	0.5	0	0
115 	106 	0	0	0.5	0	0
116 	117 	0	0	0.5	0	0
117 	116 	0	0	0.5	0	0
117 	106 	0	0	0.5	0	0
117 	107 	0	0	0.5	0	0
117 	118 	0	0	0.5	0	0
118 	117 	0	0	0.5	0	0
119 	105 	0	0	0.5	0	0
119 	106 	0	0	0.5	0	0
119 	120 	0	0	0.5	0	0
120 	119 	0	0	0.5	0	0
120 	121 	0	0	0.5	0	0
120 	123 	0	0	0.5	0	0
121 	120 	0	0	0.5	0	0
121 	122 	0	0	0.5	0	0
122 	123 	0	0	0.5	0	0
122 	121 	0	0	0.5	0	0
123 	122 	0	0	0.5	0	0
123 	120 	0	0	0.5	0	0
124 	108 	0	0	0.5	0	0
124 	125 	0	0	0.5	0	0
124 	127 	0	0	0.5	0	0
125 	124 	0	0	0.5	0	0
125 	126 	0	0	0.5	0	0
126 	125 	0	0	0.5	0	0
126 	127 	0	0	0.5	0	0
127 	126 	0	0	0.5	0	0
127 	124 	0	0	0.5	0	0
128 	109 	0	0	0.5	0	0
128 	27 	0	0	2	0	0
128 	20 	0	0	3	0	0
128 	479 	0	0	0.5	0	0
129 	110 	0	0	0.5	0	0
129 	109 	0	0	0.5	0	0
129 	130 	0	0	0.5	0	0
130 	129 	0	0	0.5	0	0
130 	132 	0	0	0.5	0	0
130 	133 	0	0	0.5	0	0
131 	132 	0	0	0.5	0	0
131 	133 	0	0	0.5	0	0
132 	131 	0	0	0.5	0	0
132 	130 	0	0	0.5	0	0
133 	130 	0	0	0.5	0	0
133 	131 	0	0	0.5	0	0
134 	135 	0	0	3	0	0
134 	207 	0	0	3	0	0
134 	76 	0	1	2	0	0
134 	173 	0	0	2	0	0
135 	221 	0	0	0.5	0	0
135 	172 	0	0	0.5	0	0
135 	136 	0	0	2	0	0
135 	134 	0	0	3	0	0
136 	74 	0	0	2	0	0
136 	137 	0	0	0.5	0	0
136 	135 	0	0	2	0	0
137 	145 	0	0	0.5	0	0
137 	136 	0	0	0.5	0	0
137 	138 	0	0	0.5	0	0
137 	148 	0	0	0.5	0	0
138 	144 	0	0	0.5	0	0
138 	137 	0	0	0.5	0	0
138 	139 	0	0	0.5	0	0
138 	149 	0	0	0.5	0	0
139 	142 	0	0	1	0	0
139 	154 	0	0	1	0	0
139 	138 	0	0	0.5	0	0
139 	140 	0	0	0.5	0	0
140 	139 	0	0	0.5	0	0
140 	166 	0	0	0.5	0	0
140 	163 	0	0	0.5	0	0
140 	164 	0	0	0.5	0	0
141 	142 	0	0	0.5	0	0
141 	171 	0	0	0.5	0	0
141 	167 	0	0	0.5	0	0
141 	166 	0	0	0.5	0	0
142 	143 	0	0	0.5	0	0
142 	141 	0	0	0.5	0	0
142 	73 	0	0	1	0	0
142 	139 	0	0	1	0	0
143 	146 	0	0	0.5	0	0
143 	142 	0	0	0.5	0	0
143 	144 	0	0	0.5	0	0
144 	143 	0	0	0.5	0	0
144 	138 	0	0	0.5	0	0
144 	145 	0	0	0.5	0	0
145 	146 	0	0	0.5	0	0
145 	144 	0	0	0.5	0	0
145 	137 	0	0	0.5	0	0
146 	147 	0	0	0.5	0	0
146 	145 	0	0	0.5	0	0
146 	143 	0	0	0.5	0	0
147 	146 	0	0	0.5	0	0
148 	137 	0	0	0.5	0	0
148 	151 	0	0	0.5	0	0
148 	149 	0	0	0.5	0	0
149 	138 	0	0	0.5	0	0
149 	148 	0	0	0.5	0	0
149 	150 	0	0	0.5	0	0
150 	149 	0	0	0.5	0	0
150 	151 	0	0	0.5	0	0
150 	153 	0	0	0.5	0	0
151 	148 	0	0	0.5	0	0
151 	152 	0	0	0.5	0	0
151 	150 	0	0	0.5	0	0
152 	151 	0	0	0.5	0	0
152 	172 	0	0	0.5	0	0
152 	153 	0	0	0.5	0	0
153 	150 	0	0	0.5	0	0
153 	152 	0	0	0.5	0	0
153 	154 	0	0	0.5	0	0
154 	139 	0	0	1	0	0
154 	153 	0	0	0.5	0	0
154 	155 	0	0	1	0	0
155 	154 	0	0	1	0	0
155 	156 	0	0	0.5	0	0
155 	172 	0	0	0.5	0	0
155 	76 	0	0	1	0	0
156 	159 	0	0	0.5	0	0
156 	155 	0	0	0.5	0	0
156 	157 	0	0	0.5	0	0
157 	158 	0	0	0.5	0	0
157 	156 	0	0	0.5	0	0
157 	102 	0	0	0.5	0	0
158 	161 	0	0	0.5	0	0
158 	159 	0	0	0.5	0	0
158 	157 	0	0	0.5	0	0
159 	160 	0	0	0.5	0	0
159 	156 	0	0	0.5	0	0
159 	158 	0	0	0.5	0	0
160 	163 	0	0	0.5	0	0
160 	161 	0	0	0.5	0	0
160 	159 	0	0	0.5	0	0
161 	162 	0	0	0.5	0	0
161 	160 	0	0	0.5	0	0
161 	158 	0	0	0.5	0	0
162 	163 	0	0	0.5	0	0
162 	164 	0	0	0.5	0	0
162 	98 	0	0	0.5	0	0
162 	161 	0	0	0.5	0	0
163 	140 	0	0	0.5	0	0
163 	160 	0	0	0.5	0	0
163 	162 	0	0	0.5	0	0
164 	165 	0	0	0.5	0	0
164 	140 	0	0	0.5	0	0
164 	162 	0	0	0.5	0	0
164 	90 	0	0	0.5	0	0
165 	166 	0	0	0.5	0	0
165 	168 	0	0	0.5	0	0
165 	164 	0	0	0.5	0	0
166 	141 	0	0	0.5	0	0
166 	140 	0	0	0.5	0	0
166 	165 	0	0	0.5	0	0
167 	168 	0	0	0.5	0	0
167 	170 	0	0	0.5	0	0
167 	141 	0	0	0.5	0	0
168 	167 	0	0	0.5	0	0
168 	169 	0	0	0.5	0	0
168 	165 	0	0	0.5	0	0
169 	170 	0	0	0.5	0	0
169 	79 	0	0	0.5	0	0
169 	168 	0	0	0.5	0	0
170 	171 	0	0	0.5	0	0
170 	169 	0	0	0.5	0	0
170 	167 	0	0	0.5	0	0
171 	141 	0	0	0.5	0	0
171 	170 	0	0	0.5	0	0
172 	152 	0	0	0.5	0	0
172 	135 	0	0	0.5	0	0
172 	155 	0	0	0.5	0	0
173 	134 	0	0	3	0	0
173 	226 	0	0	0.5	0	0
173 	178 	0	0	0.5	0	0
173 	196 	0	0	2	0	0
174 	76 	0	0	2	0	0
174 	181 	0	0	0.5	0	0
174 	175 	0	0	1	0	0
175 	174 	0	0	1	0	0
175 	185 	0	0	0.5	0	0
175 	186 	0	0	1	0	0
176 	177 	0	0	0.5	0	0
176 	185 	0	0	0.5	0	0
176 	187 	0	0	0.5	0	0
177 	178 	0	0	0.5	0	0
177 	182 	0	0	0.5	0	0
177 	176 	0	0	0.5	0	0
178 	173 	0	0	0.5	0	0
178 	179 	0	0	0.5	0	0
178 	177 	0	0	0.5	0	0
179 	178 	0	0	0.5	0	0
179 	180 	0	0	0.5	0	0
179 	182 	0	0	0.5	0	0
180 	179 	0	0	0.5	0	0
180 	181 	0	0	0.5	0	0
180 	183 	0	0	0.5	0	0
181 	180 	0	0	0.5	0	0
181 	174 	0	0	0.5	0	0
181 	184 	0	0	0.5	0	0
182 	177 	0	0	0.5	0	0
182 	179 	0	0	0.5	0	0
182 	183 	0	0	0.5	0	0
183 	182 	0	0	0.5	0	0
183 	180 	0	0	0.5	0	0
183 	184 	0	0	0.5	0	0
184 	181 	0	0	0.5	0	0
184 	183 	0	0	0.5	0	0
184 	185 	0	0	0.5	0	0
185 	176 	0	0	0.5	0	0
185 	184 	0	0	0.5	0	0
185 	175 	0	0	0.5	0	0
186 	191 	0	0	0.5	0	0
186 	175 	0	0	1	0	0
186 	193 	0	0	1	0	0
187 	176 	0	0	0.5	0	0
187 	188 	0	0	0.5	0	0
187 	191 	0	0	0.5	0	0
188 	187 	0	0	0.5	0	0
188 	189 	0	0	0.5	0	0
188 	195 	0	0	0.5	0	0
189 	188 	0	0	0.5	0	0
189 	190 	0	0	0.5	0	0
189 	194 	0	0	0.5	0	0
190 	191 	0	0	0.5	0	0
190 	192 	0	0	0.5	0	0
190 	189 	0	0	0.5	0	0
191 	187 	0	0	0.5	0	0
191 	186 	0	0	0.5	0	0
191 	190 	0	0	0.5	0	0
192 	190 	0	0	0.5	0	0
192 	197 	0	0	1	0	0
192 	193 	0	0	1	0	0
193 	186 	0	0	1	0	0
193 	192 	0	0	1	0	0
193 	200 	0	0	1	0	0
194 	195 	0	0	1	0	0
194 	189 	0	0	0.5	0	0
194 	197 	0	0	1	0	0
195 	196 	0	0	1	0	0
195 	188 	0	0	0.5	0	0
195 	194 	0	0	1	0	0
196 	173 	0	0	2	0	0
196 	233 	0	0	1	0	0
196 	195 	0	0	1	0	0
196 	258 	0	0	2	0	0
197 	194 	0	0	1	0	0
197 	198 	0	0	0.5	0	0
197 	192 	0	0	1	0	0
198 	197 	0	0	0.5	0	0
198 	200 	0	0	0.5	0	0
198 	199 	0	0	0.5	0	0
199 	198 	0	0	0.5	0	0
199 	200 	0	0	0.5	0	0
200 	193 	0	0	0.5	0	0
200 	198 	0	0	0.5	0	0
200 	199 	0	0	0.5	0	0
201 	265 	0	0	2	0	0
201 	477 	0	0	2	0	0
201 	67 	0	0	3	0	1
202 	203 	0	1	2	0	0
202 	263 	0	1	3	0	0
203 	204 	0	1	2	0	0
203 	261 	0	0	1	0	1
203 	202 	0	1	2	0	0
204 	203 	0	1	2	0	0
204 	260 	0	0	1	0	0
204 	205 	0	0	2	0	0
205 	250 	0	0	1	0	0
205 	206 	0	1	2	0	0
205 	204 	0	0	2	0	0
206 	205 	0	1	2	0	0
206 	223 	0	0	2	0	0
206 	222 	0	1	2	0	0
207 	221 	0	0	1	0	0
207 	222 	0	0	2	0	0
207 	226 	0	0	1	0	0
207 	134 	0	0	3	0	0
208 	438 	0	0	2	0	0
208 	223 	0	0	2	0	0
208 	437 	0	0	1	0	0
209 	211 	0	0	4	0	0
209 	216 	0	0	2	0	0
209 	415 	0	0	2	0	0
210 	409 	0	0	0.5	0	0
210 	415 	0	0	2	0	0
210 	411 	0	0	1	0	0
211 	209 	0	0	4	0	0
211 	417 	0	0	1	0	0
211 	215 	0	0	1	0	0
211 	212 	0	0	4	0	0
212 	211 	0	0	4	0	0
212 	428 	0	0	1	0	0
212 	220 	0	0	1	0	0
212 	74 	0	0	4	0	0
213 	220 	0	0	1	0	0
213 	214 	0	1	1	0	1
213 	434 	0	0	1	0	0
214 	217 	0	0	1	0	1
214 	437 	0	0	1	0	1
214 	213 	0	1	1	0	1
215 	217 	0	0	1	0	0
215 	523 	0	0	0.5	0	0
215 	211 	0	0	1	0	0
216 	209 	0	0	2	0	0
216 	438 	0	0	2	0	0
216 	523 	0	0	0.5	0	0
217 	215 	0	0	1	0	0
217 	527 	0	0	0.5	0	0
217 	214 	0	0	1	0	1
218 	528 	0	0	0.5	0	0
218 	220 	0	0	0.5	0	0
218 	531 	0	0	0.5	0	0
218 	544 	0	0	0.5	0	0
219 	531 	0	0	0.5	0	0
219 	532 	0	0	0.5	0	0
219 	545 	0	0	0.5	0	0
220 	218 	0	0	0.5	0	0
220 	212 	0	0	1	0	0
220 	213 	0	0	1	0	0
221 	434 	0	0	1	0	0
221 	207 	0	0	1	0	0
221 	135 	0	0	0.5	0	0
222 	224 	0	0	0.5	0	0
222 	225 	0	0	0.5	0	0
222 	207 	0	0	2	0	0
222 	206 	0	1	2	0	0
223 	208 	0	0	3	0	0
223 	206 	0	0	2	0	0
223 	224 	0	0	0.5	0	0
224 	222 	0	0	0.5	0	0
224 	223 	0	0	0.5	0	0
225 	228 	0	0	1	0	0
225 	226 	0	1	1	0	0
225 	222 	0	0	0.5	0	0
226 	225 	0	1	1	0	0
226 	207 	0	0	2	0	0
226 	173 	0	0	0.5	0	0
226 	227 	0	1	1	0	0
227 	226 	0	0	1	0	0
227 	230 	0	0	0.5	0	0
227 	229 	0	0	0.5	0	0
227 	232 	0	0	1	0	0
228 	225 	0	0	1	0	0
228 	242 	0	0	1	0	1
229 	227 	0	0	0.5	0	0
230 	227 	0	0	0.5	0	0
230 	231 	0	0	0.5	0	0
231 	230 	0	0	0.5	0	0
231 	241 	0	1	1	0	1
231 	232 	0	0	1	0	0
232 	227 	0	1	1	0	0
232 	231 	0	0	1	0	0
232 	233 	0	0	1	0	0
232 	236 	0	0	0.5	0	0
233 	232 	0	0	1	0	0
233 	196 	0	0	1	0	0
233 	234 	0	0	0.5	0	0
234 	233 	0	0	0.5	0	0
235 	236 	0	0	0.5	0	0
235 	237 	0	0	0.5	0	0
236 	232 	0	0	0.5	0	0
236 	235 	0	0	0.5	0	0
237 	235 	0	0	0.5	0	0
237 	240 	0	0	0.5	0	0
237 	238 	0	0	0.5	0	0
238 	237 	0	0	0.5	0	0
238 	239 	0	0	0.5	0	0
239 	240 	0	0	0.5	0	0
239 	238 	0	0	0.5	0	0
240 	237 	0	0	0.5	0	0
240 	239 	0	0	0.5	0	0
241 	242 	0	0	1	0	1
241 	247 	0	0	1	0	0
241 	231 	0	1	1	0	1
241 	249 	0	0	0.5	0	0
242 	228 	0	0	1	0	1
242 	243 	0	0	0.5	0	0
242 	241 	0	0	1	0	1
243 	242 	0	0	0.5	0	0
243 	244 	0	0	0.5	0	0
244 	243 	0	0	0.5	0	0
244 	245 	0	0	0.5	0	0
245 	244 	0	0	0.5	0	0
245 	246 	0	0	0.5	0	0
246 	245 	0	0	0.5	0	0
247 	241 	0	0	2	0	1
247 	250 	0	0	1	0	0
247 	248 	0	0	0.5	0	0
248 	247 	0	0	0.5	0	0
249 	241 	0	0	0.5	0	0
250 	247 	0	0	2	0	1
250 	205 	0	0	2	0	1
250 	251 	0	0	0.5	0	0
251 	250 	0	0	0.5	0	0
251 	252 	0	0	0.5	0	0
252 	251 	0	0	0.5	0	0
252 	253 	0	0	0.5	0	0
253 	252 	0	0	0.5	0	0
253 	254 	0	0	0.5	0	0
254 	253 	0	0	0.5	0	0
254 	255 	0	0	0.5	0	0
255 	254 	0	0	0.5	0	0
256 	264 	0	1	2	0	0
256 	457 	0	0	3	0	0
256 	257 	0	0	2	0	0
257 	439 	0	0	2	0	0
257 	262 	0	0	1	0	0
257 	256 	0	0	2	0	0
257 	449 	0	0	1	0	0
258 	439 	0	0	2	0	0
258 	259 	0	0	2	0	0
258 	196 	0	0	1	0	0
259 	260 	0	1	1	0	0
259 	258 	0	0	1	0	0
259 	503 	0	0	0.5	0	0
260 	204 	0	0	1	0	0
260 	259 	0	1	1	0	0
260 	508 	0	0	0.5	0	0
261 	512 	0	0	0.5	0	0
261 	203 	0	0	1	0	1
261 	262 	0	2	1	0	1
261 	546 	0	0	0.5	0	0
262 	257 	0	0	1	0	0
262 	261 	0	2	1	0	1
262 	499 	0	0	0.5	0	0
262 	498 	0	0	0.5	0	0
263 	264 	0	0	3	0	0
263 	496 	0	1	1	0	0
263 	202 	0	1	2	0	0
264 	497 	0	0	1	0	0
264 	263 	0	0	2	0	0
264 	256 	0	1	2	0	0
265 	457 	0	1	2	0	0
265 	201 	0	0	3	0	0
266 	19 	0	0	2	0	0
266 	45 	0	3	2	0	0
267 	406 	0	0	1	0	0
267 	404 	0	1	1	0	0
268 	404 	0	0	1	0	1
268 	69 	0	0	4	0	0
268 	68 	0	1	4	0	0
269 	276 	0	0	0.5	0	0
269 	270 	0	0	0.5	0	0
269 	271 	0	0	0.5	0	0
269 	1 	0	0	0.5	0	0
270 	269 	0	0	0.5	0	0
271 	280 	0	0	0.5	0	0
271 	269 	0	0	0.5	0	0
272 	284 	0	0	0.5	0	0
272 	279 	0	0	0.5	0	0
272 	273 	0	0	0.5	0	0
273 	272 	0	0	0.5	0	0
273 	282 	0	0	0.5	0	0
273 	277 	0	0	0.5	0	0
273 	274 	0	0	0.5	0	0
274 	283 	0	0	0.5	0	0
274 	273 	0	0	0.5	0	0
274 	278 	0	0	0.5	0	0
275 	276 	0	0	0.5	0	0
275 	278 	0	0	0.5	0	0
276 	277 	0	0	0.5	0	0
276 	269 	0	0	0.5	0	0
276 	275 	0	0	0.5	0	0
277 	279 	0	0	0.5	0	0
277 	273 	0	0	0.5	0	0
277 	276 	0	0	0.5	0	0
277 	278 	0	0	0.5	0	0
278 	277 	0	0	0.5	0	0
278 	274 	0	0	0.5	0	0
278 	275 	0	0	0.5	0	0
279 	272 	0	0	0.5	0	0
279 	280 	0	0	0.5	0	0
279 	277 	0	0	0.5	0	0
280 	281 	0	0	0.5	0	0
280 	279 	0	0	0.5	0	0
280 	271 	0	0	0.5	0	0
281 	280 	0	0	0.5	0	0
282 	285 	0	0	0.5	0	0
282 	273 	0	0	0.5	0	0
282 	283 	0	0	0.5	0	0
283 	282 	0	0	0.5	0	0
283 	274 	0	0	0.5	0	0
284 	287 	0	0	0.5	0	0
284 	294 	0	0	0.5	0	0
284 	272 	0	0	0.5	0	0
284 	285 	0	0	1	0	0
285 	284 	0	0	1	0	0
285 	295 	0	0	0.5	0	0
285 	282 	0	0	0.5	0	0
285 	286 	0	0	1	0	0
286 	296 	0	0	0.5	0	0
286 	285 	0	0	1	0	0
286 	2 	0	0	1	0	0
287 	288 	0	0	0.5	0	0
287 	290 	0	0	0.5	0	0
287 	284 	0	0	0.5	0	0
288 	289 	0	0	0.5	0	0
288 	287 	0	0	0.5	0	0
289 	288 	0	0	0.5	0	0
289 	290 	0	0	0.5	0	0
290 	289 	0	0	0.5	0	0
290 	287 	0	0	0.5	0	0
290 	293 	0	0	0.5	0	0
291 	290 	0	0	0.5	0	0
291 	299 	0	0	0.5	0	0
291 	292 	0	0	0.5	0	0
292 	291 	0	0	0.5	0	0
292 	293 	0	0	0.5	0	0
292 	297 	0	0	0.5	0	0
292 	296 	0	0	0.5	0	0
293 	290 	0	0	0.5	0	0
293 	294 	0	0	0.5	0	0
293 	292 	0	0	0.5	0	0
294 	293 	0	0	0.5	0	0
294 	284 	0	0	0.5	0	0
294 	295 	0	0	0.5	0	0
295 	294 	0	0	0.5	0	0
296 	292 	0	0	0.5	0	0
296 	297 	0	0	0.5	0	0
296 	286 	0	0	0.5	0	0
297 	298 	0	0	0.5	0	0
297 	292 	0	0	0.5	0	0
297 	296 	0	0	0.5	0	0
298 	299 	0	0	0.5	0	0
298 	302 	0	0	0.5	0	0
298 	297 	0	0	0.5	0	0
299 	300 	0	0	0.5	0	0
299 	291 	0	0	0.5	0	0
299 	298 	0	0	0.5	0	0
300 	301 	0	0	0.5	0	0
300 	299 	0	0	0.5	0	0
301 	302 	0	0	0.5	0	0
301 	300 	0	0	0.5	0	0
302 	301 	0	0	0.5	0	0
302 	298 	0	0	0.5	0	0
303 	304 	0	0	0.5	0	0
303 	316 	0	0	0.5	0	0
303 	308 	0	1	1	0	1
303 	18 	0	0	1	0	0
304 	303 	0	0	0.5	0	0
304 	306 	0	0	0.5	0	0
304 	305 	0	0	0.5	0	0
305 	306 	0	0	0.5	0	0
305 	304 	0	0	0.5	0	0
306 	307 	0	0	0.5	0	0
306 	305 	0	0	0.5	0	0
306 	304 	0	0	0.5	0	0
307 	306 	0	0	0.5	0	0
308 	303 	0	1	1	0	1
308 	310 	0	0	0.5	0	0
308 	309 	0	0	0.5	0	0
308 	17 	0	0	1	0	0
309 	308 	0	0	0.5	0	0
310 	308 	0	0	0.5	0	0
310 	315 	0	0	0.5	0	0
310 	312 	0	0	0.5	0	0
310 	311 	0	0	0.5	0	0
311 	310 	0	0	0.5	0	0
312 	310 	0	0	0.5	0	0
312 	313 	0	0	0.5	0	0
313 	312 	0	0	0.5	0	0
313 	314 	0	0	0.5	0	0
314 	315 	0	0	0.5	0	0
314 	313 	0	0	0.5	0	0
315 	314 	0	0	0.5	0	0
315 	310 	0	0	0.5	0	0
316 	303 	0	0	0.5	0	0
316 	317 	0	0	0.5	0	0
316 	547 	0	0	0.5	0	0
317 	316 	0	0	0.5	0	0
317 	318 	0	0	0.5	0	0
318 	317 	0	0	0.5	0	0
318 	319 	0	0	0.5	0	0
318 	322 	0	0	0.5	0	0
319 	320 	0	0	0.5	0	0
319 	318 	0	0	0.5	0	0
319 	321 	0	0	0.5	0	0
320 	319 	0	0	0.5	0	0
321 	319 	0	0	0.5	0	0
322 	318 	0	0	0.5	0	0
322 	18 	0	0	3	0	0
322 	19 	0	0	3	0	0
323 	324 	0	0	0.5	0	0
323 	343 	0	1	2	0	1
323 	17 	0	0	2	0	0
323 	332 	0	0	0.5	0	0
324 	326 	0	0	0.5	0	0
324 	323 	0	0	0.5	0	0
324 	325 	0	0	0.5	0	0
325 	324 	0	0	0.5	0	0
326 	328 	0	0	0.5	0	0
326 	327 	0	0	0.5	0	0
326 	324 	0	0	0.5	0	0
327 	326 	0	0	0.5	0	0
328 	330 	0	0	0.5	0	0
328 	326 	0	0	0.5	0	0
328 	329 	0	0	0.5	0	0
329 	328 	0	0	0.5	0	0
330 	328 	0	0	0.5	0	0
331 	339 	0	0	0.5	0	0
331 	335 	0	0	0.5	0	0
331 	341 	0	0	0.5	0	0
331 	332 	0	0	0.5	0	0
332 	331 	0	0	0.5	0	0
332 	323 	0	0	0.5	0	0
332 	548 	0	0	0.5	0	0
333 	548 	0	0	0.5	0	0
334 	548 	0	0	0.5	0	0
334 	335 	0	0	0.5	0	0
335 	331 	0	0	0.5	0	0
335 	334 	0	0	0.5	0	0
335 	336 	0	0	0.5	0	0
336 	335 	0	0	0.5	0	0
337 	340 	0	0	0.5	0	0
337 	339 	0	0	0.5	0	0
338 	339 	0	0	0.5	0	0
339 	337 	0	0	0.5	0	0
339 	331 	0	0	0.5	0	0
339 	338 	0	0	0.5	0	0
340 	337 	0	0	0.5	0	0
340 	341 	0	0	0.5	0	0
341 	340 	0	0	0.5	0	0
341 	342 	0	0	0.5	0	0
341 	331 	0	0	0.5	0	0
342 	341 	0	0	0.5	0	0
343 	16 	0	0	2	0	0
343 	323 	0	1	2	0	1
343 	344 	0	0	0.5	0	0
344 	343 	0	0	0.5	0	0
344 	346 	0	0	0.5	0	0
344 	345 	0	0	0.5	0	0
345 	344 	0	0	0.5	0	0
346 	347 	0	0	0.5	0	0
346 	344 	0	0	0.5	0	0
347 	346 	0	0	0.5	0	0
348 	359 	0	0	0.5	0	0
348 	349 	0	0	0.5	0	0
348 	67 	0	0	3	0	0
348 	16 	0	0	3	0	0
349 	348 	0	0	0.5	0	0
349 	358 	0	0	0.5	0	0
349 	350 	0	0	0.5	0	0
350 	349 	0	0	0.5	0	0
350 	351 	0	0	0.5	0	0
350 	549 	0	0	0.5	0	0
351 	351 	0	0	0.5	0	0
351 	352 	0	0	0.5	0	0
351 	353 	0	0	0.5	0	0
352 	351 	0	0	0.5	0	0
352 	354 	0	0	0.5	0	0
353 	351 	0	0	0.5	0	0
354 	352 	0	0	0.5	0	0
354 	355 	0	0	0.5	0	0
355 	354 	0	0	0.5	0	0
355 	356 	0	0	0.5	0	0
356 	355 	0	0	0.5	0	0
356 	357 	0	0	0.5	0	0
356 	358 	0	0	0.5	0	0
357 	356 	0	0	0.5	0	0
358 	356 	0	0	0.5	0	0
358 	349 	0	0	0.5	0	0
359 	361 	0	0	0.5	0	0
359 	360 	0	0	0.5	0	0
359 	348 	0	0	0.5	0	0
360 	359 	0	0	0.5	0	0
361 	359 	0	0	0.5	0	0
361 	362 	0	0	0.5	0	0
362 	363 	0	0	0.5	0	0
362 	361 	0	0	0.5	0	0
362 	364 	0	0	0.5	0	0
363 	362 	0	0	0.5	0	0
364 	366 	0	0	0.5	0	0
364 	362 	0	0	0.5	0	0
364 	365 	0	0	0.5	0	0
365 	364 	0	0	0.5	0	0
366 	364 	0	0	0.5	0	0
366 	367 	0	0	0.5	0	0
366 	369 	0	0	0.5	0	0
367 	366 	0	0	0.5	0	0
367 	368 	0	0	0.5	0	0
368 	369 	0	0	0.5	0	0
368 	367 	0	0	0.5	0	0
369 	366 	0	0	0.5	0	0
369 	368 	0	0	0.5	0	0
370 	381 	0	0	3	0	0
370 	371 	0	0	0.5	0	0
370 	380 	0	0	3	0	0
371 	370 	0	0	0.5	0	0
372 	458 	0	1	3	0	0
372 	15 	0	0	3	0	0
372 	373 	0	0	0.5	0	0
373 	372 	0	0	0.5	0	0
374 	15 	0	0	3	0	0
374 	375 	0	0	2	0	0
374 	4 	0	0	3	0	0
374 	382 	0	0	2	0	0
375 	381 	0	0	1	0	0
375 	374 	0	0	1	0	0
375 	376 	0	0	1	0	0
375 	378 	0	0	1	0	0
376 	375 	0	0	1	0	0
376 	377 	0	0	1	0	0
377 	376 	0	0	1	0	0
377 	378 	0	0	1	0	0
378 	375 	0	0	1	0	0
378 	377 	0	0	1	0	0
378 	380 	0	0	1	0	0
378 	379 	0	0	1	0	0
379 	378 	0	0	1	0	0
379 	16 	0	0	2	0	0
379 	3 	0	0	2	0	0
380 	370 	0	0	2	0	0
380 	16 	0	0	2	0	0
380 	378 	0	0	1	0	0
381 	15 	0	0	2	0	0
381 	375 	0	0	1	0	0
381 	370 	0	0	2	0	0
382 	383 	0	0	1	0	0
382 	14 	0	0	3	0	0
382 	5 	0	0	3	0	0
382 	374 	0	0	2	0	0
383 	386 	0	0	1	0	0
383 	384 	0	0	1	0	0
383 	392 	0	0	1	0	0
383 	382 	0	0	1	0	0
384 	385 	0	0	1	0	0
384 	383 	0	0	1	0	0
385 	386 	0	0	1	0	0
385 	384 	0	0	1	0	0
386 	390 	0	0	1	0	0
386 	387 	0	0	1	0	0
386 	385 	0	0	1	0	0
386 	383 	0	0	1	0	0
387 	389 	0	0	1	0	0
387 	388 	0	0	1	0	0
387 	386 	0	0	1	0	0
388 	13 	0	0	4	0	0
388 	6 	0	0	4	0	0
388 	387 	0	0	1	0	0
389 	387 	0	0	1	0	0
389 	390 	0	0	1	0	0
390 	391 	0	0	1	0	0
390 	389 	0	0	1	0	0
390 	386 	0	0	1	0	0
391 	393 	0	0	2	0	0
391 	392 	0	1	2	0	0
391 	390 	0	0	1	0	0
392 	391 	0	1	2	0	0
392 	14 	0	0	2	0	0
392 	383 	0	0	1	0	0
393 	394 	0	0	0.5	0	0
393 	13 	0	0	2	0	0
393 	391 	0	0	2	0	0
394 	395 	0	0	0.5	0	0
394 	393 	0	0	0.5	0	0
395 	394 	0	0	0.5	0	0
396 	397 	0	0	0.5	0	0
396 	10 	0	0	2	0	0
396 	9 	0	1	2	0	1
397 	396 	0	0	0.5	0	0
398 	7 	0	0	0.5	0	0
399 	550 	0	0	1	0	0
399 	401 	0	0	1	0	0
399 	400 	0	0	1	0	0
400 	8 	0	0	2	0	0
400 	399 	0	0	1	0	0
401 	399 	0	0	1	0	0
401 	402 	0	0	2	0	0
402 	403 	0	0	2	0	0
402 	550 	0	0	1	0	0
402 	401 	0	0	2	0	0
403 	6 	0	0	3	0	0
403 	7 	0	0	4	0	0
403 	402 	0	0	2	0	0
404 	267 	0	0	1	0	1
404 	407 	0	0	0.5	0	0
404 	268 	0	0	1	0	1
405 	407 	0	0	0.5	0	0
405 	406 	0	0	0.5	0	0
406 	75 	0	0	1	0	1
406 	267 	0	0	1	0	1
406 	405 	0	0	0.5	0	0
407 	405 	0	0	0.5	0	0
407 	404 	0	0	0.5	0	0
407 	408 	0	0	0.5	0	0
408 	407 	0	0	0.5	0	0
409 	410 	0	0	1	0	0
409 	210 	0	0	1	0	0
410 	409 	0	0	1	0	0
410 	411 	0	0	1	0	0
411 	410 	0	0	1	0	0
411 	210 	0	0	1	0	0
411 	413 	0	0	0.5	0	0
411 	412 	0	0	1	0	0
412 	411 	0	0	1	0	0
412 	417 	0	0	1	0	0
413 	411 	0	0	0.5	0	0
413 	416 	0	0	0.5	0	0
413 	414 	0	0	0.5	0	0
414 	413 	0	0	0.5	0	0
414 	415 	0	0	0.5	0	0
415 	210 	0	0	2	0	0
415 	209 	0	0	2	0	0
415 	414 	0	0	0.5	0	0
416 	413 	0	0	0.5	0	0
417 	412 	0	0	1	0	0
417 	418 	0	0	1	0	0
417 	211 	0	0	1	0	0
418 	423 	0	0	0.5	0	0
418 	419 	0	0	0.5	0	0
418 	417 	0	0	0.5	0	0
419 	418 	0	0	0.5	0	0
419 	422 	0	0	0.5	0	0
419 	420 	0	0	0.5	0	0
420 	433 	0	0	0.5	0	0
420 	421 	0	0	0.5	0	0
420 	419 	0	0	0.5	0	0
421 	422 	0	0	0.5	0	0
421 	420 	0	0	0.5	0	0
421 	428 	0	0	0.5	0	0
422 	419 	0	0	0.5	0	0
422 	423 	0	0	0.5	0	0
422 	421 	0	0	0.5	0	0
423 	418 	0	0	0.5	0	0
423 	422 	0	0	0.5	0	0
424 	433 	0	0	0.5	0	0
424 	431 	0	0	0.5	0	0
425 	432 	0	0	0.5	0	0
425 	426 	0	0	0.5	0	0
425 	533 	0	0	0.5	0	0
426 	432 	0	0	0.5	0	0
426 	425 	0	0	0.5	0	0
426 	427 	0	0	0.5	0	0
427 	428 	0	0	0.5	0	0
427 	430 	0	0	0.5	0	0
427 	426 	0	0	0.5	0	0
428 	421 	0	0	0.5	0	0
428 	429 	0	0	0.5	0	0
428 	427 	0	0	0.5	0	0
429 	433 	0	0	0.5	0	0
429 	430 	0	0	0.5	0	0
429 	428 	0	0	0.5	0	0
430 	429 	0	0	0.5	0	0
430 	431 	0	0	0.5	0	0
430 	427 	0	0	0.5	0	0
431 	424 	0	0	0.5	0	0
431 	432 	0	0	0.5	0	0
431 	430 	0	0	0.5	0	0
432 	431 	0	0	0.5	0	0
432 	426 	0	0	0.5	0	0
432 	425 	0	0	0.5	0	0
433 	420 	0	0	0.5	0	0
433 	424 	0	0	0.5	0	0
433 	429 	0	0	0.5	0	0
434 	435 	0	0	0.5	0	0
434 	213 	0	0	2	0	0
434 	221 	0	0	2	0	0
435 	434 	0	0	0.5	0	0
435 	521 	0	0	0.5	0	0
436 	438 	0	0	0.5	0	0
436 	437 	0	0	0.5	0	0
437 	436 	0	0	0.5	0	0
437 	208 	0	0	1	0	0
437 	214 	0	0	1	0	0
438 	216 	0	0	2	0	0
438 	208 	0	0	2	0	0
438 	436 	0	0	0.5	0	0
439 	258 	0	0	2	0	0
439 	440 	0	0	1	0	0
439 	257 	0	0	2	0	0
440 	439 	0	0	1	0	0
440 	441 	0	0	1	0	0
440 	446 	0	0	0.5	0	0
441 	440 	0	0	1	0	0
441 	442 	0	0	1	0	0
441 	445 	0	0	0.5	0	0
442 	441 	0	0	1	0	0
442 	444 	0	0	1	0	0
443 	444 	0	0	1	0	0
443 	454 	0	0	0.5	0	0
443 	551 	0	0	1	0	0
444 	442 	0	0	1	0	0
444 	443 	0	0	1	0	0
444 	445 	0	0	0.5	0	0
445 	441 	0	0	0.5	0	0
445 	446 	0	0	0.5	0	0
445 	444 	0	0	0.5	0	0
445 	454 	0	0	0.5	0	0
446 	440 	0	0	0.5	0	0
446 	445 	0	0	0.5	0	0
446 	447 	0	0	0.5	0	0
447 	446 	0	0	0.5	0	0
447 	454 	0	0	0.5	0	0
447 	448 	0	0	0.5	0	0
448 	447 	0	0	0.5	0	0
448 	453 	0	0	0.5	0	0
448 	450 	0	0	0.5	0	0
449 	257 	0	0	1	0	0
449 	450 	0	0	0.5	0	0
449 	452 	0	0	1	0	0
450 	448 	0	0	0.5	0	0
450 	449 	0	0	0.5	0	0
450 	451 	0	0	0.5	0	0
451 	453 	0	0	0.5	0	0
451 	450 	0	0	0.5	0	0
451 	455 	0	0	0.5	0	0
451 	452 	0	0	0.5	0	0
452 	451 	0	0	0.5	0	0
452 	449 	0	0	1	0	0
452 	456 	0	0	1	0	0
453 	454 	0	0	0.5	0	0
453 	448 	0	0	0.5	0	0
453 	451 	0	0	0.5	0	0
453 	551 	0	0	0.5	0	0
454 	445 	0	0	0.5	0	0
454 	447 	0	0	0.5	0	0
454 	443 	0	0	0.5	0	0
454 	453 	0	0	0.5	0	0
455 	551 	0	0	1	0	0
455 	451 	0	0	0.5	0	0
455 	456 	0	0	1	0	0
456 	455 	0	0	1	0	0
456 	452 	0	0	0.5	0	0
456 	457 	0	1	1	0	0
457 	265 	0	1	2	0	0
457 	456 	0	0	1	0	0
457 	256 	0	0	2	0	0
458 	68 	0	0	3	0	0
458 	459 	0	0	0.5	0	0
458 	372 	0	1	2	0	0
459 	458 	0	0	0.5	0	0
460 	469 	0	0	0.5	0	0
460 	461 	0	0	0.5	0	0
460 	68 	0	0	0.5	0	0
460 	462 	0	0	0.5	0	0
461 	463 	0	0	0.5	0	0
461 	460 	0	0	0.5	0	0
462 	460 	0	0	0.5	0	0
463 	465 	0	0	0.5	0	0
463 	464 	0	0	0.5	0	0
463 	461 	0	0	0.5	0	0
464 	463 	0	0	0.5	0	0
465 	468 	0	0	0.5	0	0
465 	463 	0	0	0.5	0	0
465 	466 	0	0	0.5	0	0
465 	469 	0	0	0.5	0	0
466 	468 	0	0	0.5	0	0
466 	465 	0	0	0.5	0	0
466 	467 	0	0	0.5	0	0
467 	466 	0	0	0.5	0	0
468 	465 	0	0	0.5	0	0
468 	466 	0	0	0.5	0	0
468 	474 	0	0	0.5	0	0
469 	465 	0	0	0.5	0	0
469 	470 	0	0	0.5	0	0
469 	473 	0	0	0.5	0	0
469 	460 	0	0	0.5	0	0
470 	465 	0	0	0.5	0	0
470 	471 	0	0	0.5	0	0
470 	469 	0	0	0.5	0	0
471 	470 	0	0	0.5	0	0
471 	472 	0	0	0.5	0	0
472 	471 	0	0	0.5	0	0
472 	473 	0	0	0.5	0	0
473 	469 	0	0	0.5	0	0
473 	472 	0	0	0.5	0	0
474 	468 	0	0	0.5	0	0
475 	68 	0	0	3	0	0
475 	476 	0	0	0.5	0	0
475 	67 	0	0	3	0	0
476 	475 	0	0	0.5	0	0
477 	27 	0	2	2	0	0
477 	478 	0	0	0.5	0	0
477 	201 	0	0	2	0	0
478 	477 	0	0	0.5	0	0
479 	128 	0	0	0.5	0	0
479 	483 	0	0	0.5	0	0
479 	480 	0	0	0.5	0	0
480 	481 	0	0	0.5	0	0
480 	479 	0	0	0.5	0	0
481 	480 	0	0	0.5	0	0
481 	482 	0	0	0.5	0	0
482 	481 	0	0	0.5	0	0
483 	488 	0	0	0.5	0	0
483 	479 	0	0	0.5	0	0
483 	484 	0	0	0.5	0	0
484 	483 	0	0	0.5	0	0
484 	485 	0	0	0.5	0	0
484 	487 	0	0	0.5	0	0
485 	484 	0	0	0.5	0	0
485 	486 	0	0	0.5	0	0
485 	489 	0	0	0.5	0	0
486 	485 	0	0	0.5	0	0
487 	484 	0	0	0.5	0	0
488 	483 	0	0	0.5	0	0
489 	492 	0	0	0.5	0	0
489 	485 	0	0	0.5	0	0
489 	490 	0	0	0.5	0	0
490 	489 	0	0	0.5	0	0
490 	491 	0	0	0.5	0	0
491 	490 	0	0	0.5	0	0
492 	19 	0	0	3	0	0
492 	20 	0	0	3	0	0
492 	489 	0	0	0.5	0	0
493 	495 	0	0	0.5	0	0
493 	494 	0	0	0.5	0	0
493 	69 	0	0	4	0	0
493 	14 	0	0	3	0	0
494 	493 	0	0	0.5	0	0
495 	493 	0	0	0.5	0	0
496 	497 	0	0	1	0	0
496 	263 	0	0	1	0	0
497 	496 	0	0	1	0	0
497 	498 	0	0	1	0	0
497 	264 	0	0	1	0	0
498 	497 	0	0	1	0	0
498 	262 	0	0	1	0	0
499 	500 	0	0	0.5	0	0
499 	262 	0	0	0.5	0	0
499 	501 	0	0	0.5	0	0
500 	503 	0	0	0.5	0	0
500 	499 	0	0	0.5	0	0
501 	502 	0	0	0.5	0	0
501 	506 	0	0	0.5	0	0
501 	499 	0	0	0.5	0	0
502 	503 	0	0	0.5	0	0
502 	505 	0	0	0.5	0	0
502 	501 	0	0	0.5	0	0
503 	502 	0	0	0.5	0	0
503 	504 	0	0	0.5	0	0
503 	500 	0	0	0.5	0	0
504 	503 	0	0	0.5	0	0
505 	502 	0	0	0.5	0	0
506 	501 	0	0	0.5	0	0
507 	509 	0	0	0.5	0	0
507 	513 	0	0	0.5	0	0
507 	508 	0	0	0.5	0	0
507 	512 	0	0	0.5	0	0
508 	260 	0	0	0.5	0	0
508 	515 	0	0	0.5	0	0
508 	507 	0	0	0.5	0	0
509 	507 	0	0	0.5	0	0
510 	513 	0	0	0.5	0	0
510 	511 	0	0	0.5	0	0
511 	510 	0	0	0.5	0	0
511 	512 	0	0	0.5	0	0
512 	507 	0	0	0.5	0	0
512 	511 	0	0	0.5	0	0
512 	261 	0	0	0.5	0	0
513 	510 	0	0	0.5	0	0
513 	507 	0	0	0.5	0	0
513 	514 	0	0	0.5	0	0
514 	515 	0	0	0.5	0	0
514 	519 	0	0	0.5	0	0
514 	513 	0	0	0.5	0	0
515 	516 	0	0	0.5	0	0
515 	514 	0	0	0.5	0	0
515 	508 	0	0	0.5	0	0
516 	517 	0	0	0.5	0	0
516 	515 	0	0	0.5	0	0
517 	516 	0	0	0.5	0	0
517 	518 	0	0	0.5	0	0
518 	517 	0	0	0.5	0	0
518 	519 	0	0	0.5	0	0
519 	518 	0	0	0.5	0	0
519 	514 	0	0	0.5	0	0
520 	521 	0	0	0.5	0	0
521 	520 	0	0	0.5	0	0
521 	522 	0	0	0.5	0	0
521 	435 	0	0	0.5	0	0
522 	521 	0	0	0.5	0	0
523 	216 	0	0	0.5	0	0
523 	215 	0	0	0.5	0	0
524 	527 	0	0	0.5	0	0
524 	525 	0	0	0.5	0	0
524 	528 	0	0	0.5	0	0
525 	524 	0	0	0.5	0	0
526 	527 	0	0	0.5	0	0
527 	217 	0	0	0.5	0	0
527 	526 	0	0	0.5	0	0
527 	524 	0	0	0.5	0	0
528 	524 	0	0	0.5	0	0
528 	529 	0	0	0.5	0	0
528 	218 	0	0	0.5	0	0
529 	528 	0	0	0.5	0	0
530 	531 	0	0	0.5	0	0
531 	530 	0	0	0.5	0	0
531 	219 	0	0	0.5	0	0
531 	218 	0	0	0.5	0	0
532 	219 	0	0	0.5	0	0
533 	425 	0	0	0.5	0	0
533 	534 	0	0	1	0	0
533 	74 	0	0	1	0	0
534 	535 	0	0	1	0	0
534 	533 	0	0	1	0	0
534 	537 	0	0	1	0	0
535 	534 	0	0	1	0	0
535 	536 	0	0	1	0	0
536 	535 	0	0	1	0	0
537 	534 	0	0	1	0	0
537 	538 	0	0	1	0	0
538 	539 	0	0	1	0	0
538 	537 	0	0	1	0	0
538 	542 	0	0	1	0	0
539 	538 	0	0	1	0	0
539 	78 	0	0	4	0	0
539 	70 	0	0	4	0	0
540 	541 	0	0	2	0	0
540 	72 	0	0	3	0	0
541 	540 	0	0	2	0	0
541 	542 	0	0	1	0	0
542 	541 	0	0	1	0	0
542 	538 	0	0	1	0	0
543 	107 	0	0	0.5	0	0
543 	114 	0	0	0.5	0	0
543 	108 	0	0	0.5	0	0
544 	218 	0	0	0.5	0	0
545 	219 	0	0	0.5	0	0
546 	261 	0	0	0.5	0	0
547 	316 	0	0	0.5	0	0
548 	332 	0	0	0.5	0	0
548 	333 	0	0	0.5	0	0
548 	334 	0	0	0.5	0	0
549 	350 	0	0	0.5	0	0
550 	7 	0	0	1	0	0
550 	399 	0	0	1	0	0
550 	402 	0	0	1	0	0
551 	443 	0	0	0.5	0	0
551 	453 	0	0	0.5	0	0
551 	455 	0	0	0.5	0	0
1 	573 	0	2	3	0	0
6 	572 	0	0	4	0	0
8 	552 	1	0	3	0	0
71 	609 	0	0	4	0	0
266 	580 	0	0	2	0	0
400 	572 	0	0	2	0	0
552 	8 	0	0	3	0	0
552 	571 	0	0	2	0	0
552 	657 	0	0	3	0	0
552 	661 	0	0	3	0	0
553 	657 	0	0	3	0	0
553 	554 	0	0	3	0	0
553 	654 	0	0	2	0	0
553 	570 	0	1	3	0	0
554 	606 	0	0	4	0	0
554 	701 	0	0	3	0	0
554 	553 	0	0	3	0	0
554 	589 	0	0	4	0	0
555 	608 	0	0	2	0	0
555 	701 	0	0	3	0	0
555 	556 	0	0	3	0	0
555 	588 	0	0	2	0	0
556 	640 	0	0	1	0	0
556 	555 	0	0	3	0	0
556 	557 	0	0	3	0	0
556 	590 	0	0	1	0	0
557 	595 	0	0	1	0	0
557 	596 	0	2	1	0	0
557 	556 	0	0	3	0	0
557 	558 	0	0	4	0	0
558 	593 	0	0	1	0	0
558 	597 	0	0	1	0	1
558 	557 	0	0	3	0	0
558 	598 	0	0	3	0	0
559 	598 	0	0	4	0	0
559 	560 	0	0	3	0	0
559 	600 	0	0	3	0	1
559 	639 	1	0	3	0	0
560 	592 	0	0	1	0	0
560 	636 	0	0	2	0	0
560 	559 	0	0	3	0	0
560 	561 	0	1	3	0	0
561 	588 	0	0	2	0	0
561 	562 	0	0	3	0	0
561 	560 	0	1	3	0	0
561 	631 	0	0	2	0	0
562 	561 	1	0	3	0	0
562 	589 	0	0	4	0	0
562 	563 	0	0	4	0	0
562 	570 	0	0	3	0	0
563 	569 	0	0	2	0	0
563 	562 	0	0	4	0	0
563 	630 	0	1	2	0	0
563 	612 	0	0	4	0	0
564 	567 	0	0	3	0	0
564 	612 	0	0	4	0	0
564 	585 	0	0	3	0	0
564 	565 	0	1	4	0	0
565 	566 	0	0	3	0	0
565 	564 	0	1	4	0	0
565 	583 	0	0	4	0	0
565 	662 	0	0	3	0	0
566 	578 	0	0	3	0	0
566 	582 	0	0	4	0	0
566 	567 	0	0	4	0	0
566 	565 	0	0	3	0	0
567 	573 	0	0	3	0	0
567 	564 	0	0	3	0	0
567 	568 	0	0	3	0	0
567 	707 	0	0	4	0	0
568 	684 	0	0	2	0	0
568 	693 	0	0	4	0	0
568 	675 	0	0	3	0	0
568 	674 	0	0	3	0	0
569 	692 	0	0	4	0	0
569 	576 	0	0	3	0	0
569 	563 	0	0	3	0	0
569 	574 	0	0	2	0	0
570 	562 	0	0	3	0	0
570 	553 	0	0	3	0	0
570 	571 	0	0	3	0	0
570 	576 	0	0	4	0	0
571 	570 	0	0	3	0	0
571 	552 	0	0	3	0	0
571 	572 	0	0	4	0	0
571 	696 	0	0	3	0	0
572 	400 	0	0	2	0	0
572 	6 	0	0	4	0	0
572 	571 	0	0	4	0	0
573 	680 	0	0	2	0	0
573 	685 	0	0	3	0	0
573 	1 	0	2	3	0	0
573 	578 	0	0	2	0	0
574 	575 	0	0	2	0	0
574 	696 	0	0	2	0	0
574 	569 	0	0	2	0	0
574 	691 	0	0	2	0	0
575 	576 	0	0	2	0	0
575 	574 	0	0	2	0	0
576 	570 	0	0	3	0	0
576 	575 	0	0	2	0	0
576 	569 	0	0	3	0	0
577 	690 	0	0	1	0	0
577 	684 	0	0	2	0	0
577 	678 	0	0	2	0	0
577 	676 	0	0	1	0	0
578 	573 	0	0	3	0	0
578 	688 	0	0	3	0	0
578 	579 	0	0	3	0	0
578 	581 	0	1	1	0	0
579 	578 	0	0	3	0	0
579 	580 	0	0	1	0	0
579 	689 	0	0	2	0	0
580 	579 	0	0	2	0	0
580 	266 	0	1	2	0	0
580 	581 	0	0	1	0	0
581 	578 	0	1	2	0	0
581 	580 	0	0	1	0	0
581 	582 	0	0	2	0	0
582 	566 	0	0	4	0	0
582 	581 	0	0	2	0	0
582 	583 	0	0	2	0	0
583 	565 	0	0	4	0	0
583 	582 	0	0	2	0	0
583 	662 	0	0	2	0	0
584 	585 	0	0	3	0	0
584 	620 	0	0	3	0	0
585 	584 	0	0	3	0	0
585 	564 	0	0	3	0	0
586 	639 	0	0	3	0	0
586 	620 	0	0	3	0	0
586 	627 	0	0	4	0	0
586 	624 	0	0	3	0	0
587 	697 	0	0	2	0	0
587 	600 	0	0	3	0	1
587 	627 	0	0	3	0	0
588 	555 	0	0	2	0	0
588 	589 	0	1	1	0	0
588 	590 	0	0	1	0	0
588 	561 	0	1	2	0	1
589 	554 	0	0	4	0	0
589 	588 	0	1	1	0	0
589 	562 	0	0	4	0	0
590 	556 	0	0	1	0	0
590 	588 	0	0	2	0	0
590 	595 	0	0	1	0	0
590 	591 	0	0	1	0	0
591 	590 	0	0	1	0	0
591 	594 	0	0	1	0	0
591 	592 	0	1	1	0	0
592 	591 	0	1	1	0	0
592 	593 	0	0	1	0	0
592 	560 	0	0	1	0	0
593 	594 	0	0	0.5	0	0
593 	558 	0	0	1	0	0
593 	592 	0	0	1	0	0
594 	595 	0	0	0.5	0	0
594 	591 	0	0	1	0	0
594 	593 	0	0	0.5	0	0
595 	557 	0	0	1	0	0
595 	590 	0	1	1	0	0
595 	594 	0	0	0.5	0	0
596 	557 	0	1	1	0	0
596 	642 	0	0	1	0	0
596 	597 	0	1	1	0	1
597 	558 	0	3	2	0	1
597 	596 	0	1	1	0	0
597 	599 	0	1	2	0	0
597 	603 	0	0	1	0	1
598 	558 	0	0	3	0	0
598 	599 	0	2	1	0	0
598 	559 	0	0	3	0	0
599 	598 	0	2	1	0	0
599 	597 	0	1	1	0	1
599 	601 	0	1	1	0	0
599 	600 	0	0	1	0	0
600 	599 	0	0	1	0	0
600 	559 	0	0	3	0	0
600 	587 	0	0	3	0	0
600 	629 	0	0	1	0	0
601 	599 	0	1	1	0	0
601 	602 	0	0	1	0	0
602 	601 	0	0	1	0	0
602 	697 	0	0	1	0	0
603 	597 	0	0	2	0	1
603 	604 	0	0	1	0	0
604 	603 	0	0	1	0	0
604 	605 	0	0	1	0	0
605 	604 	0	0	1	0	0
606 	607 	0	0	4	0	0
606 	700 	0	0	2	0	0
606 	554 	0	0	4	0	0
607 	660 	0	0	4	0	0
607 	702 	0	0	2	0	0
607 	708 	0	0	2	0	0
607 	606 	0	0	4	0	0
608 	702 	0	0	2	0	0
608 	699 	0	0	2	0	0
608 	698 	0	0	2	0	0
609 	661 	0	1	4	0	0
609 	71 	0	0	4	0	0
610 	661 	0	0	3	0	0
610 	611 	0	0	3	0	0
611 	610 	0	0	3	0	0
611 	660 	0	0	3	0	0
612 	674 	0	0	4	0	0
612 	564 	0	0	4	0	0
612 	613 	0	1	2	0	1
612 	675 	0	1	2	0	0
613 	630 	0	2	1	0	1
613 	612 	0	1	2	0	0
613 	614 	0	2	1	0	1
614 	613 	0	2	1	0	1
614 	615 	0	1	1	0	0
615 	614 	0	2	1	0	0
615 	616 	0	1	1	0	0
616 	615 	0	0	1	0	0
616 	617 	0	1	1	0	0
617 	616 	0	1	1	0	0
617 	618 	0	2	1	0	1
618 	617 	0	1	1	0	1
618 	619 	0	0	1	0	0
619 	638 	0	1	2	0	0
619 	618 	0	0	1	0	1
619 	620 	0	1	2	0	0
620 	619 	0	1	2	0	0
620 	584 	0	0	3	0	0
620 	586 	0	0	3	0	0
620 	621 	0	1	1	0	0
621 	620 	0	0	1	0	0
621 	622 	0	1	1	0	0
622 	621 	0	0	1	0	0
622 	623 	0	1	1	0	1
623 	622 	0	1	1	0	1
623 	624 	0	0	1	0	0
624 	623 	0	1	1	0	1
624 	625 	0	1	1	0	0
624 	586 	0	0	3	0	0
624 	667 	0	0	3	0	0
625 	624 	0	1	2	0	1
625 	626 	0	2	1	0	1
626 	625 	0	1	1	0	1
626 	627 	0	0	1	0	0
627 	628 	0	1	1	0	1
627 	587 	0	0	3	0	0
627 	586 	0	0	3	0	0
627 	626 	0	1	1	0	0
628 	629 	0	1	1	0	1
628 	627 	0	0	1	0	0
629 	600 	0	0	2	0	1
629 	628 	0	1	1	0	1
630 	563 	0	0	2	0	0
630 	631 	0	0	2	0	0
630 	613 	0	2	1	0	1
631 	561 	0	0	2	0	0
631 	632 	0	1	1	0	1
631 	630 	0	0	2	0	0
632 	631 	0	0	2	0	0
632 	633 	0	0	1	0	1
633 	632 	0	1	1	0	0
633 	634 	0	2	1	0	1
634 	633 	0	1	1	0	1
634 	635 	0	1	1	0	1
635 	634 	0	0	1	0	1
635 	636 	0	1	1	0	0
636 	635 	0	1	1	0	1
636 	560 	0	0	2	0	0
636 	637 	0	1	1	0	0
637 	636 	0	0	1	0	0
637 	638 	0	1	1	0	0
638 	637 	0	2	1	0	0
638 	619 	0	1	1	0	0
638 	639 	0	2	1	0	0
639 	559 	0	0	3	0	0
639 	586 	0	0	3	0	0
639 	638 	0	2	2	0	0
640 	556 	0	0	1	0	0
640 	641 	0	0	1	0	0
641 	640 	0	0	1	0	0
641 	642 	0	0	1	0	0
642 	643 	0	0	2	0	0
642 	641 	0	0	1	0	0
642 	596 	0	0	2	0	0
643 	644 	0	0	1	0	0
643 	642 	0	0	1	0	0
644 	705 	0	0	1	0	0
644 	643 	0	0	1	0	0
645 	704 	0	0	1	0	0
645 	607 	0	0	1	0	0
646 	647 	0	0	1	0	0
646 	611 	0	0	1	0	0
646 	659 	0	0	1	0	0
646 	649 	0	0	1	0	0
647 	646 	0	0	1	0	0
647 	651 	0	0	1	0	0
647 	648 	0	0	1	0	0
648 	610 	0	0	1	0	0
648 	647 	0	0	1	0	0
649 	646 	0	0	1	0	0
649 	650 	0	0	1	0	0
649 	658 	0	0	1	0	0
650 	649 	0	0	1	0	0
650 	652 	0	0	1	0	0
651 	652 	0	0	1	0	0
651 	647 	0	0	1	0	0
651 	656 	0	0	1	0	0
652 	650 	0	0	1	0	0
652 	655 	0	0	1	0	0
652 	651 	0	0	1	0	0
652 	653 	0	0	1	0	0
653 	652 	0	0	1	0	0
653 	658 	0	0	2	0	0
653 	654 	0	0	2	0	0
654 	653 	0	0	2	0	0
654 	553 	0	0	2	0	0
654 	655 	0	0	1	0	0
655 	652 	0	0	1	0	0
655 	656 	0	0	1	0	0
655 	654 	0	0	1	0	0
656 	651 	0	0	1	0	0
656 	655 	0	0	1	0	0
656 	657 	0	0	1	0	0
657 	656 	0	0	1	0	0
657 	552 	0	0	3	0	0
657 	553 	0	0	3	0	0
658 	659 	0	0	2	0	0
658 	649 	0	0	1	0	0
658 	653 	0	0	2	0	0
659 	660 	0	0	3	0	0
659 	646 	0	0	2	0	0
659 	658 	0	0	3	0	0
660 	611 	0	0	3	0	0
660 	659 	0	0	3	0	0
660 	607 	0	0	3	0	0
661 	610 	0	0	3	0	0
661 	609 	0	0	3	0	0
661 	552 	0	0	3	0	0
662 	565 	0	0	3	0	0
662 	663 	0	1	3	0	0
663 	662 	0	0	3	0	0
663 	664 	0	0	3	0	0
664 	663 	0	0	3	0	0
664 	669 	0	0	3	0	0
665 	666 	0	0	3	0	0
665 	669 	0	0	3	0	0
665 	670 	0	0	3	0	0
666 	668 	0	0	2	0	0
666 	671 	0	0	2	0	0
666 	665 	0	0	3	0	0
667 	624 	0	0	3	0	0
667 	673 	0	0	2	0	0
667 	668 	0	0	2	0	0
667 	666 	0	0	3	0	0
668 	667 	0	0	2	0	0
668 	669 	0	0	2	0	0
668 	666 	0	0	2	0	0
669 	668 	0	0	2	0	0
669 	664 	0	0	3	0	0
669 	665 	0	0	3	0	0
670 	665 	0	0	3	0	0
670 	671 	0	0	1	0	0
671 	666 	0	0	2	0	0
671 	672 	0	0	2	0	0
671 	670 	0	0	1	0	0
672 	673 	0	0	2	0	0
672 	671 	0	0	2	0	0
673 	667 	0	0	2	0	0
673 	672 	0	0	2	0	0
674 	563 	0	0	4	0	0
674 	568 	0	0	2	0	0
674 	612 	0	0	4	0	0
675 	568 	0	0	3	0	0
675 	683 	0	0	1	0	0
675 	681 	0	0	3	0	0
675 	612 	0	0	2	0	0
676 	577 	0	0	1	0	0
676 	683 	0	0	1	0	0
676 	677 	0	0	1	0	0
676 	679 	0	0	1	0	0
677 	694 	0	0	3	0	0
677 	680 	0	0	3	0	0
677 	676 	0	0	1	0	0
678 	577 	0	0	2	0	0
679 	676 	0	0	1	0	0
679 	680 	0	0	1	0	0
679 	682 	0	0	1	0	0
679 	685 	0	0	1	0	0
680 	677 	0	0	2	0	0
680 	679 	0	0	1	0	0
680 	573 	0	0	2	0	0
681 	675 	0	0	3	0	0
681 	682 	0	0	2	0	0
681 	567 	0	0	3	0	0
682 	683 	0	0	1	0	0
682 	679 	0	0	2	0	0
682 	681 	0	0	2	0	0
683 	684 	0	0	1	0	0
683 	676 	0	0	1	0	0
683 	675 	0	0	1	0	0
683 	682 	0	0	1	0	0
684 	577 	0	0	2	0	0
684 	568 	0	0	2	0	0
684 	683 	0	0	1	0	0
685 	679 	0	0	1	0	0
685 	567 	0	0	3	0	0
685 	573 	0	0	3	0	0
685 	686 	0	0	1	0	0
686 	685 	0	0	1	0	0
686 	707 	0	0	1	0	0
686 	687 	0	0	1	0	0
686 	689 	0	0	1	0	0
687 	686 	0	0	1	0	0
687 	688 	0	0	1	0	0
688 	687 	0	0	1	0	0
688 	578 	0	0	3	0	0
688 	566 	0	0	3	0	0
689 	686 	0	0	2	0	0
689 	579 	0	0	2	0	0
690 	691 	0	0	1	0	0
690 	694 	0	0	1	0	0
690 	693 	0	0	1	0	0
690 	577 	0	0	1	0	0
691 	574 	0	0	1	0	0
691 	695 	0	0	1	0	0
691 	692 	0	0	1	0	0
691 	690 	0	0	1	0	0
692 	569 	0	0	4	0	0
692 	691 	0	0	1	0	0
692 	693 	0	0	4	0	0
693 	692 	0	0	4	0	0
693 	690 	0	0	1	0	0
693 	568 	0	0	4	0	0
694 	695 	0	0	2	0	0
694 	690 	0	0	1	0	0
694 	677 	0	0	2	0	0
695 	696 	0	0	2	0	0
695 	691 	0	0	1	0	0
695 	694 	0	0	2	0	0
696 	571 	0	0	2	0	0
696 	574 	0	0	2	0	0
696 	695 	0	0	2	0	0
697 	602 	0	0	1	0	0
697 	587 	0	0	2	0	0
698 	608 	0	0	2	0	0
698 	700 	0	0	1	0	0
698 	555 	0	0	2	0	0
699 	608 	0	0	1	0	0
699 	700 	0	0	1	0	0
699 	702 	0	0	1	0	0
700 	699 	0	0	1	0	0
700 	606 	0	0	1	0	0
700 	698 	0	0	1	0	0
700 	701 	0	0	1	0	0
701 	700 	0	0	1	0	0
701 	554 	0	0	3	0	0
701 	555 	0	0	3	0	0
702 	607 	0	0	2	0	0
702 	699 	0	0	1	0	0
702 	608 	0	0	2	0	0
703 	704 	0	0	1	0	0
703 	708 	0	0	1	0	0
703 	706 	0	0	1	0	0
703 	702 	0	0	1	0	0
704 	645 	0	0	1	0	0
704 	705 	0	0	1	0	0
704 	703 	0	0	1	0	0
705 	704 	0	0	1	0	0
705 	644 	0	0	1	0	0
705 	706 	0	0	1	0	0
706 	705 	0	0	1	0	0
706 	703 	0	0	1	0	0
707 	567 	0	0	2	0	0
707 	686 	0	0	1	0	0
707 	566 	1	0	2	0	0
708 	645 	0	0	2	0	0
708 	607 	0	0	3	0	0
708 	703 	0	0	1	0	0